-3.755938471891328678e+00;6.753833173775855570e-02;1.000000000000000000e+00
-2.948434177287956537e+00;3.655384986342511411e-01;1.000000000000000000e+00
-3.367090680489787768e+00;-3.034396501443031857e-01;1.000000000000000000e+00
1.890243774102029484e+00;2.869419820440311408e+00;0.000000000000000000e+00
-4.770406841420541610e+00;-1.330003718857817541e+00;1.000000000000000000e+00
1.630035139245602949e+00;3.325044179659801813e+00;0.000000000000000000e+00
9.918535814202791290e-01;3.274299034509146722e+00;0.000000000000000000e+00
-4.443145706413131890e+00;-1.081494533716222062e+00;1.000000000000000000e+00
-3.623192016893689527e+00;-2.618125564899499991e-01;1.000000000000000000e+00
4.705981038719787568e-01;2.616479136779127579e+00;0.000000000000000000e+00
-4.830316110047594869e+00;-5.209127335054981600e-01;1.000000000000000000e+00
-4.053897400625012359e+00;1.458168622111799984e+00;1.000000000000000000e+00
-1.505792754087424079e+00;1.453330767926992728e-01;1.000000000000000000e+00
-4.309667279626972380e+00;4.647201311000834778e-01;1.000000000000000000e+00
2.139936010448977299e+00;4.031042219561194351e+00;0.000000000000000000e+00
7.157519769719584701e-01;6.321105794419014323e+00;0.000000000000000000e+00
-4.179461059751877983e+00;6.411878248131172020e-01;1.000000000000000000e+00
-5.044213708677986574e+00;1.288236033736054331e+00;1.000000000000000000e+00
8.614511995922217169e-01;5.932583755655838509e+00;0.000000000000000000e+00
4.248793130056338629e-01;3.646539084573621636e+00;0.000000000000000000e+00
9.216602979572063870e-02;3.139080691519257726e+00;0.000000000000000000e+00
-2.281652774644278292e-01;3.536539541173726597e+00;0.000000000000000000e+00
-4.349995320363027496e+00;2.125828913219826255e+00;1.000000000000000000e+00
4.130729474842909088e-01;2.248484408956281655e+00;0.000000000000000000e+00
4.412496309988040988e-01;4.053502118481487670e+00;0.000000000000000000e+00
-5.202264500545098258e+00;4.871455289239250974e-01;1.000000000000000000e+00
-5.668563292661874087e+00;1.625179062802220242e+00;1.000000000000000000e+00
6.596872920447642841e-01;2.419815415408637094e+00;0.000000000000000000e+00
-4.860117901082264602e+00;6.429871783933356344e-01;1.000000000000000000e+00
-4.311266231492167478e+00;-1.405909066516357830e+00;1.000000000000000000e+00
3.412305411797957877e-01;4.313573317727118273e+00;0.000000000000000000e+00
9.721398825155809220e-01;3.685738422002593051e+00;0.000000000000000000e+00
-3.142953104386657426e+00;8.482962813823472503e-01;1.000000000000000000e+00
-4.639166008879419323e+00;1.075836112217935847e+00;1.000000000000000000e+00
-3.534075424331255100e+00;-3.438213149309016226e-01;1.000000000000000000e+00
-2.452487792530815724e+00;9.106043760226844030e-01;1.000000000000000000e+00
2.064105563737764548e+00;5.496694271804582144e+00;0.000000000000000000e+00
1.761014317896880010e+00;6.139067235488398389e+00;0.000000000000000000e+00
2.121919569149327556e-01;1.743873279183425939e+00;0.000000000000000000e+00
-5.088399922315440804e+00;3.049673101552662358e-01;1.000000000000000000e+00
-3.346061319559140212e+00;7.086710068670570850e-01;1.000000000000000000e+00
-6.212298775519411009e+00;-7.442230062606735030e-01;1.000000000000000000e+00
-1.232299716085096808e+00;3.895194587516039419e+00;0.000000000000000000e+00
-2.979067018711729631e-01;5.047578832861680631e+00;0.000000000000000000e+00
-4.712487366096217656e+00;-5.139745397400699023e-01;1.000000000000000000e+00
-3.536843236757203801e+00;5.296124779773667690e-01;1.000000000000000000e+00
1.998325485749669284e+00;3.061888822250620201e+00;0.000000000000000000e+00
-1.899779700301202912e+00;3.191115949789486095e+00;0.000000000000000000e+00
-5.252490720893616682e+00;5.874220759835202532e-01;1.000000000000000000e+00
-3.956154955495292835e+00;5.035872686480846738e-01;1.000000000000000000e+00
8.185433723332593559e-01;5.937601483768030874e+00;0.000000000000000000e+00
-4.897931019258532359e+00;9.480178397733657336e-01;1.000000000000000000e+00
-5.016145072412897754e+00;1.561544560575498286e+00;1.000000000000000000e+00
-5.417541845847235749e+00;7.576566176863661073e-02;1.000000000000000000e+00
-4.698553146539262926e+00;2.748043751754750130e-02;1.000000000000000000e+00
-3.319073126778346428e+00;-4.318799188227978592e-01;1.000000000000000000e+00
1.161021265595037155e+00;5.330838738663737253e+00;0.000000000000000000e+00
-4.322525248757031591e+00;1.213640471046911751e+00;1.000000000000000000e+00
9.332165700090494509e-01;3.535955775538248247e+00;0.000000000000000000e+00
2.471217011722791623e-01;3.932925730084156690e+00;0.000000000000000000e+00
1.453904662771591250e+00;6.101934912762589924e+00;0.000000000000000000e+00
1.499746399092039439e+00;4.839172852225157584e+00;0.000000000000000000e+00
2.503501183484048820e+00;3.044655767961730763e+00;0.000000000000000000e+00
-1.690884755286636842e-01;3.957306552939554578e+00;0.000000000000000000e+00
9.362171133059374872e-01;4.727441970656692583e+00;0.000000000000000000e+00
1.420757537292097750e-01;4.192670267723112687e+00;0.000000000000000000e+00
-4.707169866896746768e+00;-1.459082530231335051e+00;1.000000000000000000e+00
1.695029651317016217e+00;3.307519283702214263e+00;0.000000000000000000e+00
-8.972823116577322011e-03;5.062294898202909899e+00;0.000000000000000000e+00
-3.547109610605072572e-01;4.401519644767996731e+00;0.000000000000000000e+00
-4.259346182301052330e+00;4.926206011961034581e-01;1.000000000000000000e+00
-4.200532937298071978e+00;7.000808913615672591e-01;1.000000000000000000e+00
2.502106406566099395e+00;4.399672719589007741e+00;0.000000000000000000e+00
-4.935240015338584918e+00;-1.527558146687833629e+00;1.000000000000000000e+00
1.065991693668369322e+00;3.758279037761204755e+00;0.000000000000000000e+00
-7.827088434958939800e-03;3.449963252250046075e+00;0.000000000000000000e+00
-4.871865899054978577e+00;7.029665792218754428e-01;1.000000000000000000e+00
4.193084098073099897e-01;3.574362072673852531e+00;0.000000000000000000e+00
-4.503489914833296304e+00;3.676824756062520017e-01;1.000000000000000000e+00
-3.330386271256404740e+00;7.028014300615714749e-01;1.000000000000000000e+00
1.897276093699038935e+00;5.872529516015044138e+00;0.000000000000000000e+00
1.861791458548691214e+00;2.302066923419982203e+00;0.000000000000000000e+00
2.124145551426501743e+00;5.282347107680987364e+00;0.000000000000000000e+00
1.641203017654338403e+00;4.002443089175171664e+00;0.000000000000000000e+00
-4.907338702139625752e+00;1.816087184011697109e-01;1.000000000000000000e+00
1.168903754253990845e+00;3.098761178425571305e+00;0.000000000000000000e+00
5.596187126429263969e-02;4.540251686475295756e+00;0.000000000000000000e+00
-5.402807141637246069e+00;2.761675370435898724e-01;1.000000000000000000e+00
-6.073273943437380584e-01;4.809631904632268196e+00;0.000000000000000000e+00
-4.612795277126714666e+00;-3.237181598372936842e-01;1.000000000000000000e+00
2.029141493378003425e+00;5.015754293316245338e+00;0.000000000000000000e+00
-4.693034214294026896e+00;9.370869834022101108e-02;1.000000000000000000e+00
-2.193415541930561652e+00;1.411610439924536164e+00;1.000000000000000000e+00
-3.798054511491657514e-01;5.554619360106903159e+00;0.000000000000000000e+00
-4.977819914964503489e+00;2.892976331046949179e-01;1.000000000000000000e+00
-4.598103236871261323e+00;9.412097621927101310e-01;1.000000000000000000e+00
1.659121332087227785e+00;4.412043159087930100e+00;0.000000000000000000e+00
7.385698489771101993e-01;3.808197473093108965e+00;0.000000000000000000e+00
-4.277142820441737214e+00;-3.106356753806996940e-01;1.000000000000000000e+00
-3.736124263087970299e+00;-5.661569394942036482e-01;1.000000000000000000e+00
